1.0000e+05 000.000  1.00981674e+00  0.00000000e+00  0.00000000e+00  1.11634986e-10  1.41930881e-03  0.00000000e+00  3.05547525e+00 177.6220 
1.0000e+05 162.033  1.00975827e+00  9.71762716e-17 -2.61860384e-16 -3.86160906e-04  1.41616820e-03  1.36519315e-16  2.93816009e+00 170.8022 
1.0000e+05 000.000  1.00981674e+00  0.00000000e+00  0.00000000e+00  1.11634986e-10  1.41930881e-03  0.00000000e+00  3.05547525e+00 177.6220 
1.0000e+05 162.033  1.00975827e+00  9.71762716e-17 -2.61860384e-16 -3.86160906e-04  1.41616820e-03  1.36519315e-16  2.93816009e+00 170.8022 
1.0000e+05 000.000  1.00981674e+00  0.00000000e+00  0.00000000e+00  1.11634986e-10  1.41930881e-03  0.00000000e+00  3.05547525e+00 177.6220 
1.0000e+05 162.033  1.00975826e+00  1.11475483e-16 -2.50576652e-16 -3.86159212e-04  1.41616537e-03  1.88238236e-16  2.93816009e+00 170.8022 
1.0000e+05 000.000  1.00981674e+00  0.00000000e+00  0.00000000e+00  1.11634986e-10  1.41930881e-03  0.00000000e+00  3.05547525e+00 177.6220 
1.0000e+05 162.033  1.00975826e+00  1.11475483e-16 -2.50576652e-16 -3.86159212e-04  1.41616537e-03  1.88238236e-16  2.93816009e+00 170.8022 
1.0000e+05 000.000  1.00981674e+00  0.00000000e+00  0.00000000e+00  1.11634986e-10  1.41930881e-03  0.00000000e+00  3.05547525e+00 177.6220 
1.0000e+05 162.033  1.00975826e+00  1.11475483e-16 -2.50576652e-16 -3.86159212e-04  1.41616537e-03  1.88238236e-16  2.93816009e+00 170.8022 
1.0000e+05 000.000  1.00981674e+00  0.00000000e+00  0.00000000e+00  1.11634986e-10  1.41930881e-03  0.00000000e+00  3.05547525e+00 177.6220 
1.0000e+05 162.033  1.00975826e+00  1.11475483e-16 -2.50576652e-16 -3.86159212e-04  1.41616537e-03  1.88238236e-16  2.93816009e+00 170.8022 
